fc = 0.215613221680907D+02 0.000000000000000D+00
f_obcsn = 0.000000000000000D+00 0.000000000000000D+00
f_obcss = 0.000000000000000D+00 0.000000000000000D+00
f_obcsw = 0.000000000000000D+00 0.000000000000000D+00
f_obcse = 0.000000000000000D+00 0.000000000000000D+00
mycost          (gencost  1) =  0.215613221680907D+02 0.100000000000000D+01
